PARAMS
k1 = 93.428629;
k2 = 2538.9705;
k3 = 481.59316;
k4 = 1182.6181;
k5 = 1556.411;
k6 = 121192.44;
k7 = 1688.6765;
k8 = 0.02213; 
k9 = 85842.253;
k10 = 2500;
k11 = 1;
k12 = 1500;
k13 = 1;
k14 = 1;
y1 = 0.25;
y2 = 1;
y3 = 0.25;
y4 = 1;
y5 = 0.25;
y6 = 0.25;
y7 = 0;

PARAMS
k1 = 93.428629;
k2 = 2538.9705;
k3 = 4816;
k4 = 1182;
k5 = 1556.411;
k6 = 121192.44;
k7 = 1688.6765;
k8 = 0.02213; 
k9 = 85842.253;
k10 = 2500;
k11 = 1;
k12 = 1500;
k13 = 1;
k14 = 1;
y1 = 0.25;
y2 = 1;
y3 = 0.25;
y4 = 1;
y5 = 0.25;
y6 = 0.25;
y7 = 0;
